98     23   18     93   85     43   75     43   27     86   15     26   62     45   26     45   39     27   79     46
1   4   5   3       4   2       5   6       2   6       5   9       7   5       8   9       1   8       9   6   2   7
   1 8         134         745         451         265         425         584         823         953         6 3
  2   9       8   7       1   2       4   2       1   7       1   8       1   5       4   2       3   2       6   7
 3     5     6    5      4     3      8    9      6    5     6    2      9    7      1     9      6    7     8     1
  8   7     4 1   9     3 8   1 9     7   3 5     2   6 9   5 4   9     4 5   3     3 5   6 4     9   4 5     3   5
   2 6     5   4 7     6    6 4   7    2 7   5     5 3   3 4   9 4     7   6 1     3   5 1   8     2 8   9     7 9
7   5     8     8     3     9     9     8     1     9     9     1     5     7     4     3     5     1     1     5   4
24       1 6   5     2 1   1 8   1 3     6   2 6     2   2 5   3     8 6   2     8 9   2 8   7 3     7   5 2       75
        5   4 2     8   3 7   8 2   6     7 1   4     6 5   3 2     5   6 3     5   2 7   9 5   7     4 5   2
       6     7     9     4     1     4     5     3     7     9     6     7     4     3     7     9     1     5
      4 2   3     1 6   5       7   1 3     3   7 9     3   1     2 9   5     7 8   5       8   5 6     7   4 9
28   3   3 8     6   9 7         6 4   6     3 7   5     936     2   1 8     9   2 4         6 5   2     8 9   8   39
7   1     7     1     4           3     2     6     1           1     6     2     7           1     7     3     2   5
   8 9   9     7 2   3     429     7   3 9     2   8 7         8 6   5     4 5   6     392     9   1 6     4   9 5
  7   8 3     6   7 1     3   5     3 8   9     7 6   8       9   3 2     2   7 8     4   6     2 7   1     9 1   7
  5    7     7     3     2     7     1     3     3     7     2     7     8     9     7     8     1     2     7    4
  6   4     2 8   4     1 7   8 6     2   5 1     2   6 4   3 8   4     1 4   6     2 9   7 5     4   3 6     5   6
   152     9   2 7     5   6 5   2     8 3   3     2 4   4 2   4 1     5   7 8     5   2 1   3     5 2   1     386
1         4     4     9     9     9     4     8     9     1     7     4     1     9     5     9     1     5         7
53       6 5   3     3 2   3 1   5 1     7   7 2     1   5 9   5     6 7   2     3 4   7 8   5 7     4   8 2       28
        5   9 4     3   2 8   5 9   7     9 1   2     6 1   5 3     9   1 2     2   9 8   3 5   2     5 4   9
       6     8     1     5     4     1     7     1     3     4     3     8     9     2     8     7     7     1
      2 4   5     9 2   1       1   6 4     6   4 3     4   6     4 7   6     5 8   6       4   1 5     6   5 4
89   1   4 2     8   7 9         8 4   4     9 8   1     245     2   8 1     1   2 7         9 8   7     7 8   8   94
3   6     7     6     2           7     5     7     2           8     2     9     8           3     4     1     5   7
   4 9   1     7 3   5     652     2   2 1     6   5 6         1 3   7     5 4   4     497     2   1 6     3   3 6
  3   5 7     1   2 4     3   5     2 3   9     9 7   2       2   7 3     4   5 6     2   3     2 1   7     2 9   8
  6    9     9     7     9     6     7     8     5     1     4     2     5     3     6     1     4     3     1    5
  9   3     4 7   9     2 6   9 8     9   6 3     4   7 8   6 3   4     8 6   4     5 3   6 4     3   4 2     3   4
   785     9   2 6     1   1 6   6     8 9   7     6 2   4 6   7 5     1   8 7     2   6 8   7     2 4   4     734
7         3     3     8     4     7     7     9     4     2     1     8     6     5     3     5     7     5         5
53       6 4   8     5 3   5 3   1 9     6   1 4     3   5 1   2     9 2   1     1 4   7 2   6 2     9   3 1       36
        2   6 5     6   5 1   1 2   5     9 3   1     9 2   1 8     5   8 9     3   5 7   4 8   2     7 2   6
        3    9      3    9     8    3      7    9      3     7      6    2      2    4     3    4      5    3
        7   4 8     4   6 3   7 6   2     2 4   5     8 4   3 5     4   7 6     9   2 3   9 1   6     3 8   7
52       5 2   4     4 7   2 5   7 8     6   9 1     7   6 8   4     2 4   6     9 3   3 2   2 3     4   8 7       28
1         6     2     3     8     5     7     7     4     1     6     7     2     6     8     6     7     6         9
   427     8   1 7     5   4 1   3     4 2   2     3 8   3 7   2 3     6   1 7     7   5 9   1     8 9   5     453
  2   8     9 2   6     4 7   6 9     6   2 4     2   6 1   8 6   9     6 9   1     2 5   6 7     5   1 8     2   8
  3    9     3     5     6     3     5     6     6     9     2     5     2     8     3     8     7     2     8    1
  1   6 7     6   3 2     3   7     2 9   5     5 9   8       5   3 6     7   3 9     8   9     8 4   6     9 4   7
   7 4   5     9 2   2     738     1   9 5     5   8 5         3 2   4     4 8   3     937     8   1 7     3   5 9
3   9     6     1     4           6     8     3     3           9     6     9     4           9     9     4     6   1
91   5   3 1     3   3 5         2 5   2     9 8   9     196     5   5 3     5   1 5         5 3   5     5 7   3   54
      3 7   9     2 9   7       5   1 9     1   6 8     5   4     4 8   2     8 1   3       9   7 2     5   6 4
       9     8     3     6     3     7     7     9     1     8     6     8     2     7     6     8     3     1
        4   5 1     8   2 1   8 9   3     9 8   1     7 8   3 2     3   6 7     7   2 8   8 7   1     6 4   5
71       4 3   6     4 2   2 8   7 6     3   7 1     6   2 9   1     2 9   2     4 7   5 7   7 5     7   7 8       67
3         5     2     5     5     4     8     8     9     4     8     5     7     5     2     4     2     2         2
   751     9   1 9     3   3 4   5     1 9   4     5 3   7 1   3 6     4   4 1     3   1 6   9     3 9   3     257
  7   2     4 5   9     8 1   5 2     6   2 3     5   7 4   2 1   4     3 7   6     5 3   8 7     9   8 6     7   2
  6    5     6     2     7     6     3     7     4     3     7     6     1     2     7     2     8     7     4    3
  1   8 3     2   5 8     5   8     8 2   4     2 8   9       4   1 5     2   5 7     9   1     6 7   2     8 3   6
   2 5   2     7 2   7     721     1   6 5     7   3 9         6 4   3     8 3   5     859     8   7 3     7   7 2
5   9     9     9     4           2     7     3     8           9     2     1     7           1     4     8     3   1
16   3   1 3     5   1 3         7 3   3     2 6   7     584     1   9 8     6   1 9         2 6   6     6 5   9   53
      2 9   7     9 8   4       7   8 3     2   1 9     5   2     4 9   3     7 4   5       5   3 2     5   7 3
       7     2     1     9     3     7     6     7     1     6     8     4     6     4     4     7     7     9
        3   9 8     4   1 6   8 2   1     3 7   2     2 9   7 4     6   1 9     8   1 3   8 7   6     8 3   2
98       7 8   2     5 4   5 8   8 5     3   5 2     8   8 7   2     2 4   4     4 6   6 9   5 3     3   9 6       52
2   5     3     9     9     3     4     1     4     2     6     6     1     6     1     4     6     7     4     5   4
   3 6     6   6 5     7   2 1   6     6 8   3     3 7   3 5   8 4     9   3 8     7   5 2   1     1 6   1     1 3
  4   8     5 8   6     3 9   7 4     4   6 8     8   4 6   1 7   3     8 6   2     1 9   3 8     4   9 2     3   2
 7     5     1    3      1     5      3    9      3    1     6    4      7    3      7     1      5    1     6     8
  9   6       7   9       7   2       5   7       2   5       2   5       2   7       4   2       8   5       4   9
   9 2         823         689         496         785         756         192         426         241         5 9
8   6   3   2       3   2       5   7       4   8       5   7       3   2       1   7       1   1       5   2   1   8
53     64   39     86   13     97   14     85   21     79   85     27   65     72   34     69   67     31   67     31
